
    
 0.8550
 0.3020   0.7480
 0.3020   0.4050  1.7090
 0.2710   0.2780   0.4370   0.7860
 0.2800   0.3410   0.5390   0.4780   1.4160
 0.2350   0.3530   0.6960   0.3840   0.7150   1.2540
 0.2220   0.3420   0.5040   0.2910   0.3280   0.3210   1.5960
-0.2970  -0.3610  -0.3860  -0.3320  -0.4180  -0.3900  -0.2360  2.2430
-0.2290  -0.2450  -0.3600  -0.3610  -0.5060  -0.4080  -0.2830  0.8520  2.2100
-0.2500  -0.2730  -0.3930  -0.3300  -0.4270  -0.4000  -0.2860  0.7970  1.5820  2.3730
-0.2490  -0.2540  -0.2880  -0.2300  -0.3770  -0.2890  -0.1520  0.7040  0.6100  0.6240  1.2350
-0.1460  -0.2410  -0.1500  -0.3100  -0.2510  -0.3150  -0.0710  0.7090  0.6270  0.7200  0.4730  2.4910
-0.0640  -0.1430  -0.2590  -0.3150  -0.2860  -0.2350  -0.1840  0.5660  0.7220  0.8510  0.3610  0.6270  2.6590
-0.0810  -0.1170  -0.2320  -0.2870  -0.2560  -0.2150  -0.2390  0.5050  0.6340  0.7120  0.2930  0.4970  1.8990  2.4560
-0.2010  -0.2720  -0.4890  -0.3600  -0.5470  -0.4350  -0.3570  0.7530  0.8360  0.9830  0.4790  0.5870  1.6450  1.5900  2.8740
-0.1200  -0.2820  -0.2510  -0.3470  -0.4350  -0.3570  -0.3150  0.9620  0.8320  0.8470  0.5220  0.6420  1.1530  1.0820  1.2860  2.6900
-0.2260  -0.3160  -0.5140  -0.4930  -0.6230  -0.4300  -0.4080  0.8130  0.9970  1.1500  0.5750  0.6790  1.8520  1.7200  1.9650  1.5340  3.1630
-0.2110  -0.3090  -0.5530  -0.3870  -0.5400  -0.4610  -0.3130  0.7730  1.0550  1.1590  0.5180  0.8600  1.5670  1.3590  1.5200  1.3040  1.8040  2.9240
-0.0410  -0.1140  -0.0910  -0.2190  -0.1750  -0.0970  -0.1970  0.4740  0.6720  0.8580  0.2950  0.5770  1.5940  1.5290  1.4720  1.0810  1.6260  1.7140  3.2550
-0.1790  -0.2340  -0.4170  -0.3810  -0.4340  -0.3280  -0.3490  0.6280  0.8190  0.9030  0.4890  0.6950  1.2470  1.1200  1.3270  1.0890  1.7510  1.4940  1.1940  2.1630    

NOBS  = 1159  
NAMES = ITEM4  ITEM7  ITEM9 ITEM17 ITEM18 ITEM19 ITEM21 ITEM5  ITEM10 ITEM11
        ITEM15 ITEM22 ITEM1 ITEM2  ITEM3  ITEM6  ITEM8  ITEM13 ITEM14 ITEM20
	  
	  